xbar = [0.952254, 0.779508, 0.5, 0.220492, 0.0477458, 0.0477458, 0.220492, 0.5, 0.779508, 0.952254];
ybar =  [-0.00351198, -0.0155001, -0.031886, -0.0387119, -0.0188141, 0.0272234, 0.0667498, 0.067916, 0.037761, 0.00937149];
l = [0.0957495, 0.250574, 0.309422, 0.250009, 0.102638, 0.109923, 0.251208, 0.309819, 0.252877, 0.0973135];
theta = [-3.06817, -3.07389, -3.09044, 3.13292, 2.76623, 0.5182, 0.0981086, -0.0719553, -0.150986, -0.193815];
beta = [3.14159 -0.00480093 -0.00889496 -0.019929 -0.0434869 -0.0638576 -0.0676982 -0.0645465 -0.236383 -2.632; -0.00247703 3.14159 -0.0117853 -0.0235813 -0.0522207 -0.0820229 -0.112599 -0.309757 -2.34995 -0.197202; -0.00230065 -0.0102368 3.14159 -0.0369538 -0.0778801 -0.146586 -0.412441 -1.99791 -0.396457 -0.0608285; -0.00332802 -0.0123544 -0.042609 3.14159 -0.16513 -0.466667 -1.74552 -0.539038 -0.132767 -0.0341784; -0.00599447 -0.0222679 -0.0618445 -0.305012 3.14159 -1.77302 -0.675642 -0.193623 -0.0801377 -0.0240531; -0.0113711 -0.0442305 -0.137216 -0.714767 -1.68723 3.14159 -0.345854 -0.123674 -0.0585698 -0.0186827; -0.0220162 -0.0986323 -0.499794 -1.73999 -0.401774 -0.195853 3.14159 -0.121078 -0.0470996 -0.0153535; -0.0481791 -0.353357 -1.99626 -0.353565 -0.120223 -0.10172 -0.105241 3.14159 -0.0490135 -0.0140369; -0.174419 -2.33881 -0.281925 -0.0670565 -0.061368 -0.0727932 -0.0704645 -0.056133 3.14159 -0.0186265; -2.617 -0.219239 -0.0306805 -0.0260531 -0.0449612 -0.0624037 -0.0617777 -0.0435558 -0.0359189 3.14159];
% [0.0478747 0.0478747 0.298448 0.607847 0.857442 0.952261 0.858721 0.612354 0.303789 0.0526777 0.0478747; 0.221036 0.125287 0.125287 0.434696 0.684375 0.779663 0.687584 0.444197 0.144393 0.129606 0.221036; 0.501016 0.405272 0.154711 0.154711 0.404549 0.501016 0.413619 0.190211 0.178141 0.407665 0.501016; 0.780469 0.684751 0.434267 0.125005 0.125005 0.223864 0.155896 0.171737 0.444398 0.686426 0.780469; 0.95244 0.856844 0.606785 0.298484 0.0513189 0.0513189 0.087446 0.313417 0.611453 0.857586 0.95244; 0.952643 0.857447 0.608919 0.305195 0.0805318 0.0549615 0.0549615 0.302223 0.607482 0.856805 0.952643; 0.782361 0.687984 0.443398 0.164247 0.162849 0.230374 0.125604 0.125604 0.434132 0.6857 0.782361; 0.504591 0.411392 0.179769 0.188347 0.418051 0.504591 0.404733 0.154909 0.154909 0.407486 0.504591; 0.223702 0.132781 0.139415 0.440892 0.688159 0.780423 0.68422 0.435977 0.126438 0.126438 0.223702; 0.0486568 0.0504823 0.299607 0.608752 0.858051 0.9523 0.857948 0.610751 0.301496 0.0486568 0.0486568];
A = [3.14159 0.00566344 0.006951 0.00834922 0.00632657 0.0131584 0.0593316 0.165415 0.620362 2.56382 5.19676; 0.000769307 3.14159 0.00881317 0.0111174 0.00870703 0.0191185 0.0992656 0.463172 2.31742 0.0524757 1.95847; 0.00242368 0.00570845 3.14159 0.0205764 0.0175719 0.0445757 0.37552 1.99084 0.222182 0.00900648 -0.23967; 0.00741233 0.0224289 0.0319152 3.14159 0.0547602 0.221431 1.74589 0.47783 0.069757 0.00995776 -2.15557; 0.0404906 0.127824 0.237197 0.346516 3.14159 1.52639 1.18338 0.384451 0.153396 0.042599 -3.61464; 0.0555627 0.188847 0.433527 1.28775 1.35499 3.14159 0.379401 0.285762 0.167392 0.0551325 3.39552; 0.0251824 0.111941 0.545863 1.73099 0.199404 0.0685615 3.14159 0.0905692 0.0670396 0.0232496 2.05816; 0.0180885 0.234671 1.98687 0.403281 0.0585188 0.0382037 0.0588184 3.14159 0.0274962 0.0120493 0.265773; 0.05397 2.29368 0.507331 0.129527 0.0318358 0.0245164 0.0428179 0.0417678 3.14159 0.00581933 -1.90173; 2.53384 0.672223 0.201697 0.088797 0.0254056 0.0209274 0.0386443 0.0425791 0.0422084 3.14159 -5.12445; -0.655545 -0.166393 -0.0310159 -0.0119154 -0.00274486 -0.00104993 0.00355425 0.0217571 0.168228 0.602819 13.3989];